7238
24262
7098
12561
14929
20539
32382
6910
11130
50
24173
23696
11498
25516
29110
27671
29195
18289
1681
7790
30371
20013
29052
13036
21598
9504
4800
5781
19451
3284
13293
7884
2236
11598
32374
12287
12493
30899
27584
5928
32103
1185
29725
20338
1696
2773
24202
29022
1895
2743
6204
12141
8893
20751
14095
28090
519
15399
19538
20976
4647
30463
3175
16284
22545
23241
19488
29565
17197
31308
7467
9816
3254
8745
20294
8840
6082
26374
27300
17096
28716
24438
24144
742
27714
28778
23447
18146
19004
22261
1490
9132
2345
4157
20415
16149
15662
19093
6159
15622
24566
4729
30684
11124
20754
4430
13654
22286
2306
6589
21317
6155
1283
8299
26932
22401
23633
1412
23367
18668
12457
16069
13468
8721
12552
9134
6532
15043
27484
1951
5615
5358
7310
17194
104
17080
26829
6549
2549
29726
4305
13716
11611
16197
26278
8048
4810
10248
19917
913
123
